shape_id,shape_pt_lat,shape_pt_lon,shape_pt_sequence,shape_dist_traveled
8032,42.6760504,-82.8332044,1,0.0
8032,42.6758985,-82.8328362,2,34.51563371734453
8032,42.6757276,-82.8324082,3,74.33234121622996
8032,42.6756474,-82.8324765,4,84.85394197674117
8032,42.6756037,-82.8325137,5,90.586348384393
8032,42.6753113,-82.8327404,6,128.01082999238952
8032,42.6747399,-82.8331834,7,201.14440214533892
8032,42.6747206,-82.8327409,8,237.38327357154773
8032,42.6746943,-82.8321377,9,286.78275116522497
8032,42.6746728,-82.8317561,10,318.0708160480994
8032,42.6746584,-82.8314584,11,342.4610350669132
8032,42.674615,-82.8305284,12,418.6435354845279
8032,42.6746039,-82.8302785,13,439.11065596563793
8032,42.6745893,-82.8299488,14,466.11320295655844
8032,42.6745799,-82.829738,15,483.37823854538567
8032,42.6745786,-82.8297096,16,485.7044972909172
8032,42.6745566,-82.8292118,17,526.4742195697078
8032,42.6745524,-82.8291161,18,534.3118368903923
8032,42.6745473,-82.8290022,19,543.6406721118523
8032,42.6745425,-82.8287839,20,561.4951717118071
8032,42.6745378,-82.8284895,21,585.5687147855775
8032,42.674531,-82.8281685,22,611.8220882200415
8032,42.6745199,-82.8278194,23,640.3884907849053
8032,42.6745138,-82.8276266,24,656.1649230903038
8032,42.6745081,-82.8274685,25,669.1054946806249
8032,42.6745028,-82.8273226,26,681.0477084823929
8032,42.6744958,-82.8271274,27,697.0247343058403
8032,42.6744853,-82.8266038,28,739.8461792391225
8032,42.6744791,-82.8262957,29,765.0435115214169
8032,42.6744779,-82.8262348,30,770.0240177319283
8032,42.674473,-82.8260362,31,786.2691760273659
8032,42.6744641,-82.8256743,32,815.8719049076207
8032,42.6744629,-82.8255643,33,824.8656560873203
8032,42.6744621,-82.8254557,34,833.7444098308459
8032,42.6744603,-82.8253695,35,840.7943066263213
8032,42.6744519,-82.824966,36,873.7946151198908
8032,42.674443,-82.8245735,37,905.8976880072379
8032,42.6744404,-82.8244445,38,916.447710134839
8032,42.6744373,-82.8243372,39,925.2265135994312
8032,42.6744279,-82.824007,40,952.2413894846673
8032,42.6744209,-82.8236745,41,979.4352131866401
8032,42.6744089,-82.8230998,42,1026.437284119509
8032,42.6743769,-82.8215311,43,1154.7317343050836
8032,42.6743737,-82.8213808,44,1167.0242847330535
8032,42.6743586,-82.8207191,45,1221.1459674255882
8032,42.6737906,-82.8216255,46,1318.5110265840058
8032,42.6733134,-82.8223658,47,1399.0003568454922
8032,42.673127,-82.822916,48,1448.5270464851153
8032,42.67295,-82.8231501,49,1475.9797368341758
8032,42.672842,-82.823293,50,1492.733931046984
8032,42.672441,-82.823787,51,1552.8944824202138
8032,42.672032,-82.824206,52,1609.8308665778497
8032,42.671468,-82.8247445,53,1686.4552064893005
8032,42.6709159,-82.8251261,54,1755.3185301048168
8032,42.670715,-82.825246,55,1779.7137401371506
8032,42.6698893,-82.8257352,56,1879.8607406188871
8032,42.667384,-82.827294,57,2186.2066690729225
8032,42.663033,-82.829941,58,2716.2194468948437
8032,42.659215,-82.832267,59,3181.4193410068133
8032,42.655818,-82.834328,60,3595.0426482146127
8032,42.652852,-82.836122,61,3956.0065955984246
8032,42.6510534,-82.8372124,62,4174.982100261973
8032,42.6493636,-82.838266,63,4381.695094501092
8032,42.6487521,-82.8386075,64,4455.203537749843
8032,42.647579,-82.839319,65,4598.0375586956125
8032,42.6464089,-82.8400228,66,4740.311483113548
8032,42.6457601,-82.8404445,67,4820.275603969166
8032,42.6449521,-82.8409426,68,4918.926278133869
8032,42.6438162,-82.8416304,69,5057.194418316216
8032,42.6415081,-82.8430107,70,5337.578519289536
8032,42.6404998,-82.8436223,71,5460.350984367381
8032,42.6385122,-82.8448288,72,5702.39547594107
8032,42.6379881,-82.8451404,73,5766.003039266551
8032,42.6376496,-82.8453516,74,5807.418018146268
8032,42.6375818,-82.8453988,75,5815.888205727968
8032,42.6358194,-82.846507,76,6031.80991801737
8032,42.631498,-82.849094,77,6556.867538171537
8032,42.6302896,-82.8498819,78,6705.896255204708
8032,42.6293991,-82.8504113,79,6813.973085507187
8032,42.628772,-82.8507512,80,6889.043720019966
8032,42.6278941,-82.8512937,81,6996.2779511302815
8032,42.6242289,-82.8535322,82,7443.089423416853
8032,42.623526,-82.853959,83,7528.694582677786
8032,42.6232382,-82.854107,84,7562.910902546359
8032,42.6225188,-82.8544504,85,7647.695485439858
8032,42.6222301,-82.8545792,86,7681.483018290545
8032,42.6215854,-82.8548429,87,7756.347005892325
8032,42.6205153,-82.8551832,88,7878.551129492047
8032,42.619462,-82.8554219,89,7997.290121103415
8032,42.6187289,-82.8555225,90,8079.221683088398
8032,42.617619,-82.855635,91,8202.979771108805
8032,42.615797,-82.855754,92,8405.810804255972
8032,42.6116506,-82.8560473,93,8867.493747351755
8032,42.611443,-82.856062,94,8890.609138102913
8032,42.6111945,-82.8560778,95,8918.271312904679
8032,42.6099053,-82.8561596,96,9061.780029165768
8032,42.6095571,-82.8561823,97,9100.542643905017
8032,42.5966741,-82.8570384,98,10534.779477000757
8032,42.5949347,-82.8571638,99,10728.464123417592
8032,42.5941645,-82.8571788,100,10814.11525744295
8032,42.5933659,-82.8572311,101,10903.018667494973
8032,42.592569,-82.8571379,102,10991.957734445534
8032,42.5917002,-82.8572238,103,11088.819466921044
8032,42.5908012,-82.8572732,104,11188.865470279708
8032,42.5907847,-82.8575261,105,11209.649597951979
8032,42.5907862,-82.8577603,106,11228.822489346543
8032,42.5907967,-82.8579126,107,11241.344675159244
8032,42.5908231,-82.8580956,108,11256.610388593668
8032,42.5908636,-82.8582936,109,11273.433099276419
8032,42.5909061,-82.8584419,110,11286.460637431475
8032,42.5909614,-82.8585976,111,11300.612321503051
8032,42.5910137,-82.8587147,112,11311.824474215191
8032,42.5910787,-82.8588452,113,11324.72275226152
8032,42.5911872,-82.8590184,114,11343.33954942248
8032,42.5913022,-82.8591755,115,11361.475426568042
8032,42.5913702,-82.8592488,116,11371.128305804754
8032,42.5914642,-82.8593381,117,11383.883328167914
8032,42.5915538,-82.8594154,118,11395.68607492907
8032,42.5917742,-82.8595499,119,11422.553121928602
8032,42.5920048,-82.8596714,120,11450.056103931856
8032,42.5922138,-82.8597771,121,11474.854373363261
8032,42.592431,-82.8598751,122,11500.303426626127
8032,42.592634,-82.8599674,123,11524.106982863821
8032,42.592774,-82.8600227,124,11540.319104112283
8032,42.592855,-82.8600544,125,11549.692258734254
8032,42.5930189,-82.8601133,126,11568.544108066328
8032,42.5930848,-82.8601311,127,11576.015318713991
8032,42.5931389,-82.8601458,128,11582.150137268596
8032,42.5931688,-82.860152,129,11585.513380101378
8032,42.5934571,-82.8602114,130,11617.93754293758
8032,42.593837,-82.8602896,131,11660.66276077958
8032,42.5940695,-82.8603429,132,11686.881160101357
8032,42.5943534,-82.8604333,133,11719.305117773083
8032,42.5945223,-82.8604871,134,11738.595373839174
8032,42.5945486,-82.8605055,135,11741.884878298726
8032,42.5949253,-82.8606661,136,11785.786538597711
8032,42.5950267,-82.8607179,137,11797.832638822962
8032,42.5951672,-82.8607897,138,11814.524474890713
8032,42.5952344,-82.8608275,139,11822.612069837884
8032,42.5957117,-82.8610958,140,11880.049945913554
8032,42.5958786,-82.8611957,141,11900.330113563123
8032,42.5960586,-82.8613036,142,11922.207309784117
8032,42.5964222,-82.8615213,143,11966.390693018373
8032,42.5966083,-82.8616328,144,11989.007380397814
8032,42.5966916,-82.861682,145,11999.107545567598
8032,42.5969478,-82.8618202,146,12029.759493146063
8032,42.5971258,-82.8619228,147,12051.260219263928
8032,42.5972928,-82.8620214,148,12071.507837827494
8032,42.5974118,-82.8621081,149,12086.522978249637
8032,42.5975269,-82.862221,150,12102.309161876261
8032,42.5976347,-82.8623508,151,12118.326818154972
8032,42.5976951,-82.8624223,152,12127.235179176925
8032,42.5978449,-82.8626651,153,12153.166429186063
8032,42.5979044,-82.8627777,154,12164.511889166228
8032,42.5979676,-82.8629288,155,12178.736974812246
8032,42.5980395,-82.863134,156,12197.338894099412
8032,42.5981248,-82.8635172,157,12230.107612413214
8032,42.5981774,-82.8637612,158,12250.918477879557
8032,42.5982633,-82.8641838,159,12286.803918618718
8032,42.5983261,-82.8645762,160,12319.673174709886
8032,42.5983481,-82.8647326,161,12332.706532957487
8032,42.5983611,-82.8648863,162,12345.370024553173
8032,42.5983721,-82.8650707,163,12360.513087538533
8032,42.5983816,-82.8653295,164,12381.722809223911
8032,42.5983583,-82.865984,165,12435.35781880291
8032,42.5983169,-82.8672305,166,12537.490691556908
8032,42.5983148,-82.8673089,167,12543.912172557128
8032,42.5984866,-82.8673357,168,12563.140997237913
8032,42.5984729,-82.8675719,169,12582.5344243378
8032,42.5984649,-82.8677085,170,12593.75077556228
8032,42.598455,-82.8680143,171,12618.805399565994
8032,42.598294,-82.8680813,172,12637.528935365503
8032,42.5982724,-82.8688874,173,12703.55394928539
8032,42.598271,-82.868938,174,12707.69861195636
8032,42.5982736,-82.869038,175,12715.888969168147
8032,42.5983134,-82.8705386,176,12838.79653740619
8032,42.5983249,-82.870974,177,12874.458036443359
8032,42.5983548,-82.8723188,178,12984.583399835508
8032,42.5983581,-82.8724401,179,12994.518876853514
8032,42.5983675,-82.8727869,180,13022.924530444023
8032,42.598419,-82.873161,181,13054.076371478577
8032,42.5984248,-82.8732456,182,13061.03104684999
8032,42.5984716,-82.8734041,183,13075.009417146286
8032,42.5985434,-82.8735319,184,13088.168730636371
8032,42.5986438,-82.8736218,185,13101.5396629282
8032,42.5987699,-82.873659,186,13115.888143334014
8032,42.5989132,-82.8736781,187,13131.898886718951
8032,42.5990241,-82.8737086,188,13144.480568023813
8032,42.599069,-82.8737147,189,13149.498124280162
8032,42.599149,-82.8737257,190,13158.439167476328
8032,42.5992672,-82.8737581,191,13171.847290978605
8032,42.5993772,-82.8738101,192,13184.798117981707
8032,42.5995055,-82.873882,193,13200.230610294378
8032,42.5996338,-82.8740152,194,13218.185908637939
8032,42.6001349,-82.8745275,195,13287.921003643114
8032,42.6007108,-82.8751463,196,13369.566812675557
8032,42.6010388,-82.8754832,197,13415.289682882481
8032,42.6012237,-82.8756762,198,13441.21747752282
8032,42.6014442,-82.8758971,199,13471.681463891793
8032,42.6021618,-82.876616,200,13570.823775471305
8032,42.6026478,-82.8771206,201,13638.839177612772
8032,42.6021704,-82.8779774,202,13726.791998315259
8032,42.6018266,-82.8785846,203,13789.492254328517
8032,42.6016843,-82.8788358,204,13815.436244428018
8032,42.6013844,-82.8793917,205,13871.8476382736
8032,42.60123,-82.879678,206,13900.897146593838
8032,42.601145,-82.879811,207,13915.313612081589
8032,42.601077,-82.8799355,208,13928.002672786857
8032,42.600947,-82.880058,209,13945.59492829227
8032,42.6008,-82.880195,210,13965.417116640121
8032,42.600646,-82.880327,211,13985.664605160235
8032,42.6004304,-82.8804777,212,14012.625322218508
8032,42.6003,-82.880543,213,14028.078850063965
8032,42.600186,-82.880578,214,14041.074748493911
8032,42.599934,-82.880637,215,14069.508954036242
8032,42.598918,-82.880698,216,14182.593277086884
8032,42.5985459,-82.8807253,217,14224.029205796822
8032,42.5983376,-82.8807423,218,14247.232869367028
8032,42.5980949,-82.8807662,219,14274.290690031154
8032,42.5977025,-82.8808028,220,14318.02630437888
8032,42.597463,-82.8808252,221,14344.720532132944
8032,42.5971113,-82.880858,222,14383.919838616726
8032,42.5970851,-82.8806319,223,14402.654940210621
8032,42.5970782,-82.880555,224,14408.996107388462
8032,42.5970307,-82.8800232,225,14452.845397121855
8032,42.5970118,-82.8798305,226,14468.758084836472
8032,42.597009,-82.879801,227,14471.192772777698
8032,42.5969528,-82.8793118,228,14511.72055138774
8032,42.5968358,-82.8785114,229,14578.515981263472
8032,42.5968123,-82.8783048,230,14595.627800930628
8032,42.5967872,-82.8781028,231,14612.396304254606
8032,42.5967525,-82.8778238,232,14635.557368428957
8032,42.596728,-82.8776462,233,14650.34779491232
8032,42.5966849,-82.8774718,234,14665.406223126765
8032,42.5968993,-82.8773482,235,14691.304346028292
8032,42.5970861,-82.8771228,236,14719.086418004057
8032,42.5972354,-82.8768867,237,14744.563668704126
8032,42.5972544,-82.8768515,238,14748.13650456931
8032,42.5976771,-82.876069,239,14827.582430561459
8032,42.597828,-82.8757836,240,14856.344860561016
8032,42.598046,-82.875176,241,14911.671697895394
8032,42.598162,-82.874817,242,14943.763137811797
8032,42.59824,-82.874577,243,14965.237214233031
8032,42.598275,-82.874366,244,14982.94116463918
8032,42.5983244,-82.8741757,245,14999.457872938414
8032,42.5983522,-82.8739361,246,15019.311842963985
8032,42.5983592,-82.8737283,247,15036.3385766471
8032,42.5983658,-82.8729839,248,15097.27393212227
8032,42.5983675,-82.8727869,249,15113.399964299917
8032,42.5983581,-82.8724401,250,15141.805617890426
8032,42.5983548,-82.8723188,251,15151.741094908431
8032,42.5983249,-82.870974,252,15261.866458300581
8032,42.5983134,-82.8705386,253,15297.52795733775
8032,42.5982736,-82.869038,254,15420.435525575793
8032,42.598271,-82.868938,255,15428.625882787579
8032,42.5982724,-82.8688874,256,15432.77054545855
8032,42.598294,-82.8680813,257,15498.795559378437
8032,42.5983148,-82.8673089,258,15562.060712775197
8032,42.5983169,-82.8672305,259,15568.482193775417
8032,42.5983583,-82.865984,260,15670.615066529415
8032,42.5983816,-82.8653295,261,15724.250076108414
8032,42.5983721,-82.8650707,262,15745.459797793792
8032,42.5983611,-82.8648863,263,15760.602860779152
8032,42.5983481,-82.8647326,264,15773.266352374838
8032,42.5983261,-82.8645762,265,15786.29971062244
8032,42.5982633,-82.8641838,266,15819.168966713607
8032,42.5981774,-82.8637612,267,15855.054407452768
8032,42.5981248,-82.8635172,268,15875.86527291911
8032,42.5980395,-82.863134,269,15908.633991232913
8032,42.5979676,-82.8629288,270,15927.235910520078
8032,42.5979044,-82.8627777,271,15941.460996166095
8032,42.5978449,-82.8626651,272,15952.80645614626
8032,42.5976951,-82.8624223,273,15978.737706155398
8032,42.5976347,-82.8623508,274,15987.646067177351
8032,42.5975269,-82.862221,275,16003.663723456062
8032,42.5974118,-82.8621081,276,16019.449907082686
8032,42.5972928,-82.8620214,277,16034.46504750483
8032,42.5971258,-82.8619228,278,16054.712666068395
8032,42.5969478,-82.8618202,279,16076.21339218626
8032,42.5966916,-82.861682,280,16106.865339764725
8032,42.5966083,-82.8616328,281,16116.96550493451
8032,42.5964222,-82.8615213,282,16139.58219231395
8032,42.5960586,-82.8613036,283,16183.765575548206
8032,42.5958786,-82.8611957,284,16205.6427717692
8032,42.5957117,-82.8610958,285,16225.92293941877
8032,42.5952344,-82.8608275,286,16283.36081549444
8032,42.5951672,-82.8607897,287,16291.44841044161
8032,42.5950267,-82.8607179,288,16308.140246509362
8032,42.5949253,-82.8606661,289,16320.186346734612
8032,42.5945486,-82.8605055,290,16364.088007033597
8032,42.5945223,-82.8604871,291,16367.377511493149
8032,42.5943534,-82.8604333,292,16386.66776755924
8032,42.5940695,-82.8603429,293,16419.091725230966
8032,42.593837,-82.8602896,294,16445.310124552743
8032,42.5934571,-82.8602114,295,16488.03534239474
8032,42.5931688,-82.860152,296,16520.45950523094
8032,42.5931389,-82.8601458,297,16523.822748063725
8032,42.5930848,-82.8601311,298,16529.95756661833
8032,42.5930189,-82.8601133,299,16537.42877726599
8032,42.592855,-82.8600544,300,16556.280626598065
8032,42.592774,-82.8600227,301,16565.653781220037
8032,42.592634,-82.8599674,302,16581.8659024685
8032,42.592431,-82.8598751,303,16605.669458706194
8032,42.5922138,-82.8597771,304,16631.11851196906
8032,42.5920048,-82.8596714,305,16655.916781400465
8032,42.5917742,-82.8595499,306,16683.41976340372
8032,42.5915538,-82.8594154,307,16710.28681040325
8032,42.5914642,-82.8593381,308,16722.089557164403
8032,42.5913702,-82.8592488,309,16734.844579527566
8032,42.5913022,-82.8591755,310,16744.497458764276
8032,42.5911872,-82.8590184,311,16762.633335909835
8032,42.5910787,-82.8588452,312,16781.250133070796
8032,42.5910137,-82.8587147,313,16794.148411117123
8032,42.5909614,-82.8585976,314,16805.360563829265
8032,42.5909061,-82.8584419,315,16819.51224790084
8032,42.5908636,-82.8582936,316,16832.539786055895
8032,42.5908231,-82.8580956,317,16849.362496738646
8032,42.5907967,-82.8579126,318,16864.628210173072
8032,42.5907862,-82.8577603,319,16877.150395985773
8032,42.5907847,-82.8575261,320,16896.32328738034
8032,42.5908012,-82.8572732,321,16917.107415052607
8032,42.590547,-82.8572774,322,16945.3752564447
8032,42.5900968,-82.8573203,323,16995.558249434904
8032,42.5899729,-82.8573326,324,17009.372048039604
8032,42.5895123,-82.8573632,325,17060.649656076974
8032,42.5885723,-82.8574062,326,17165.232147424667
8032,42.5879474,-82.8576165,327,17236.81892452354
8032,42.5873298,-82.8576545,328,17305.563337496227
8032,42.581543,-82.858002,329,17949.65477771955
8032,42.5786851,-82.8581269,330,18267.603259276075
8032,42.5776862,-82.8581777,331,18378.753725762082
8032,42.5770773,-82.8582297,332,18446.59405998923
8032,42.5762198,-82.8582831,333,18542.043910300643
8032,42.5757953,-82.8583192,334,18589.338620312752
8032,42.5751257,-82.8583857,335,18663.993588536196
8032,42.573738,-82.8584546,336,18818.40189312146
8032,42.5728574,-82.8585139,337,18916.440471996215
8032,42.5724027,-82.8585449,338,18967.064489318218
8032,42.5717128,-82.8585992,339,19043.906624094016
8032,42.5716532,-82.8586029,340,19050.54076401782
8032,42.5707615,-82.8586621,341,19149.811718275774
8032,42.5695611,-82.8587434,342,19283.456038696084
8032,42.5687812,-82.8587791,343,19370.226225896276
8032,42.5679192,-82.8588428,344,19466.218098469653
8032,42.5671231,-82.8589171,345,19554.94924935553
8032,42.5664692,-82.8589565,346,19627.731169399704
8032,42.5658434,-82.8589959,347,19697.3917232761
8032,42.564693,-82.8590581,348,19825.411750759773
8032,42.5638037,-82.8591194,349,19924.424754120257
8032,42.560997,-82.8593054,350,20236.887107435265
8032,42.5600744,-82.8593669,351,20339.599127332458
8032,42.5591425,-82.8594268,352,20443.33775188273
8032,42.5585971,-82.8594715,353,20504.093873470414
8032,42.5580779,-82.8595171,354,20561.946962592527
8032,42.5578459,-82.8595627,355,20588.013149691502
8032,42.5576175,-82.8596158,356,20613.779777627602
8032,42.5573599,-82.8596914,357,20643.085240086762
8032,42.5570862,-82.8597899,358,20674.57048451806
8032,42.5568302,-82.8599079,359,20704.632416533277
8032,42.5566543,-82.8600005,360,20725.610688286393
8032,42.5564714,-82.860107,361,20747.740057322055
8032,42.556145,-82.860337,362,20788.63204785335
8032,42.556,-82.860447,363,20807.10195516247
8032,42.5558513,-82.8605943,364,20827.570509063193
8032,42.555277,-82.861132,365,20905.14449910947
8032,42.555172,-82.86125,366,20920.301476090463
8032,42.555058,-82.861391,367,20937.449961336108
8032,42.554817,-82.861718,368,20975.338413672318
8032,42.554681,-82.861924,369,20997.99678364247
8032,42.554502,-82.862221,370,21029.428922046787
8032,42.554399,-82.862402,371,21048.163249880905
8032,42.554306,-82.862582,372,21066.172126258985
8032,42.554187,-82.862839,373,21091.036434170655
8032,42.55405,-82.863165,374,21121.779020836562
8032,42.553944,-82.863445,375,21147.565432182357
8032,42.553842,-82.863751,376,21175.076843681727
8032,42.553748,-82.864073,377,21203.447754003413
8032,42.553688,-82.864315,378,21224.36286408662
8032,42.553639,-82.864535,379,21243.188991436975
8032,42.553554,-82.864999,380,21282.353368838892
8032,42.553514,-82.86526,381,21304.18998490889
8032,42.553476,-82.865588,382,21331.3871384769
8032,42.55346,-82.865767,383,21346.156817617448
8032,42.553436,-82.866161,384,21378.5400531041
8032,42.553433,-82.866529,385,21408.685295607986
8032,42.5533959,-82.8687662,386,21591.983976267464
8032,42.553371,-82.87028,387,21716.012469362195
8032,42.5533566,-82.8711806,388,21789.799339018515
8032,42.5533357,-82.8716497,389,21828.294247399368
8032,42.553313,-82.871972,390,21854.814731411163
8032,42.553279,-82.872329,391,21884.30054526025
8032,42.553225,-82.872695,392,21914.87560768492
8032,42.553144,-82.873149,393,21953.138698563424
8032,42.553022,-82.87365,394,21996.360627100315
8032,42.552929,-82.873968,395,22024.3862970978
8032,42.552791,-82.874382,396,22061.608129911154
8032,42.552683,-82.874664,397,22087.642603156688
8032,42.552567,-82.874932,398,22113.1041081592
8032,42.552464,-82.875153,399,22134.525598659267
8032,42.552272,-82.875519,400,22171.330537964004
8032,42.552165,-82.875705,401,22190.661579207474
8032,42.552043,-82.875898,402,22211.493343954524
8032,42.551924,-82.876074,403,22231.062030081543
8032,42.551733,-82.876339,404,22261.430760821295
8032,42.551572,-82.876539,405,22285.69781204699
8032,42.551326,-82.876818,406,22321.342508785943
8032,42.551162,-82.876991,407,22344.437369575568
8032,42.550954,-82.877182,408,22372.360777220547
8032,42.5506691,-82.8774477,409,22410.79633362822
8032,42.550476,-82.8775822,410,22434.92977311883
8032,42.5501258,-82.8778455,411,22479.44441840431
8032,42.547942,-82.8794132,412,22754.139309359074
8032,42.5475894,-82.879673,413,22798.750521924325
8032,42.5475095,-82.8797317,414,22808.852849938274
8032,42.546248,-82.88066,415,22968.412846535157
8032,42.545459,-82.88124,416,23068.18589129954
8032,42.543103,-82.882962,417,23365.729794277144
8032,42.542464,-82.883437,418,23446.74183547456
8032,42.542252,-82.883603,419,23473.956787809962
8032,42.542096,-82.883737,420,23494.485225460692
8032,42.541921,-82.883904,421,23518.272747319377
8032,42.541613,-82.884228,422,23561.603170648366
8032,42.541301,-82.884626,423,23609.21417425188
8032,42.541136,-82.884865,424,23636.04737229085
8032,42.541006,-82.885062,425,23657.714124900955
8032,42.540783,-82.885453,426,23698.223738333494
8032,42.540675,-82.885671,427,23719.746015062414
8032,42.5404999,-82.88603,428,23755.018811500162
8032,42.5403,-82.886579,429,23805.19017905145
8032,42.5401457,-82.8870085,430,23844.338598007333
8032,42.5400382,-82.8873604,431,23875.54916068697
8032,42.5399497,-82.887841,432,23916.135349175893
8032,42.5398612,-82.8884332,433,23965.64171373032
8032,42.539837,-82.888884,434,24002.67330936056
8032,42.539833,-82.888932,435,24006.63098588527
8032,42.53982,-82.889186,436,24027.49116378389
8032,42.539817,-82.889382,437,24043.552765667304
8032,42.53967,-82.895749,438,24565.453100892264
8032,42.539637,-82.896816,439,24652.948844466344
8032,42.539621,-82.897061,440,24673.100267735248
8032,42.539597,-82.897313,441,24693.918272291085
8032,42.539543,-82.897725,442,24728.203166781568
8032,42.539483,-82.898061,443,24756.528467983477
8032,42.539409,-82.898409,444,24786.203640204174
8032,42.539338,-82.898695,445,24810.929825828298
8032,42.539268,-82.898946,446,24832.918013103874
8032,42.539085,-82.899487,447,24881.68995624995
8032,42.538977,-82.89976,448,24907.076937813243
8032,42.538851,-82.900047,449,24934.448564979113
8032,42.538644,-82.900472,450,24976.189052025315
8032,42.53854,-82.900658,451,24995.319235115647
8032,42.538344,-82.900981,452,25029.602129481784
8032,42.538161,-82.90125,453,25059.59894906542
8032,42.5379966,-82.9014666,454,25085.0765573332
8032,42.5376944,-82.901727,455,25124.88049470861
8032,42.5374256,-82.9019737,456,25160.96257600283
8032,42.5371727,-82.902199,457,25194.601118312625
8032,42.5369355,-82.9023814,458,25224.91618973683
8032,42.5366983,-82.9025638,459,25255.231289145413
8032,42.5364216,-82.9027516,460,25289.632029083004
8032,42.5360185,-82.9030037,461,25338.985087147077
8032,42.5356311,-82.9032773,462,25387.54592660302
8032,42.5351172,-82.9036045,463,25450.665354250283
8032,42.5351923,-82.9043663,464,25513.63986623982
8032,42.5352002,-82.9051334,465,25576.498601624753
8032,42.5351686,-82.9058951,466,25639.007595692343
8032,42.5341329,-82.9125899,467,26199.511861356576
8032,42.5341053,-82.9132015,468,26249.71826478541
8032,42.5340857,-82.9139206,469,26308.679297718612
8032,42.533941,-82.9140187,470,26326.66525493771
8032,42.5339531,-82.9132846,471,26386.830235030673
8032,42.5337935,-82.9133932,472,26406.682858169417
8032,42.5333974,-82.9136627,473,26455.952749186716
8032,42.5333925,-82.9139472,474,26479.27039152299
8032,42.5333914,-82.914008,475,26484.25370526075
8032,42.5333702,-82.9140881,476,26491.22742439972
8032,42.5333668,-82.9142723,477,26506.325089498438
8032,42.5333649,-82.9143801,478,26515.160503997005
8032,42.5334896,-82.9143247,479,26529.75063162842
8032,42.5336309,-82.9142289,480,26547.314184976993
8032,42.533787,-82.9141231,481,26566.71611106893
8032,42.533941,-82.9140187,482,26585.857868982675
8032,42.5340857,-82.9139206,483,26603.843826201773
8032,42.5341053,-82.9132015,484,26662.804859134976
8032,42.5341329,-82.9125899,485,26713.01126256381
8032,42.5351686,-82.9058951,486,27273.515528228043
8032,42.5352002,-82.9051334,487,27336.024522295633
8032,42.5351923,-82.9043663,488,27398.883257680565
8032,42.5351172,-82.9036045,489,27461.857769670103
8032,42.5347061,-82.9038996,490,27513.570857404135
8032,42.5341567,-82.9042643,491,27581.578159826553
8032,42.533789,-82.9045057,492,27626.997619548085
8032,42.5332514,-82.9048652,493,27693.639529888154
8032,42.5328903,-82.9052529,494,27744.83904856421
8032,42.5325708,-82.9054664,495,27784.43940269509
8032,42.5320758,-82.9057783,496,27845.12478704864
8032,42.530403,-82.906932,497,28053.776130094968
8032,42.530153,-82.907098,498,28084.72436196093
8032,42.529547,-82.9075,499,28159.729150707397
8032,42.529338,-82.9076498,500,28186.011506225903
8032,42.528778,-82.908069,501,28257.127022257126
8032,42.528502,-82.908288,502,28292.678573070138
8032,42.528175,-82.908562,503,28335.412977908763
8032,42.52784,-82.908873,504,28380.54679094657
8032,42.5272771,-82.9094397,505,28458.484198904705
8032,42.526642,-82.910074,506,28546.170731735016
8032,42.526089,-82.910715,507,28627.042891194396
8032,42.525513,-82.911402,508,28712.316871192485
8032,42.5251242,-82.9119395,509,28774.035695076913
8032,42.5244217,-82.9127719,510,28877.7423177831
8032,42.524171,-82.913067,511,28914.646746665843
8032,42.523998,-82.913294,512,28941.40696616991
8032,42.523828,-82.913536,513,28968.804670492802
8032,42.523624,-82.913848,514,29002.985109477995
8032,42.5232745,-82.9144557,515,29066.155435637713
8032,42.522422,-82.915999,516,29224.212292907512
8032,42.521988,-82.916688,517,29298.490216452272
8032,42.521722,-82.917033,518,29339.407853365214
8032,42.52146,-82.917334,519,29377.581686436846
8032,42.521148,-82.917629,520,29419.867441375336
8032,42.520405,-82.918192,521,29514.496338064855
8032,42.52002,-82.918405,522,29560.728647941316
8032,42.519809,-82.918504,523,29585.554073435233
8032,42.51962,-82.91858,524,29607.473503156645
8032,42.519388,-82.918653,525,29633.9553912694
8032,42.5189763,-82.9187647,526,29680.640696086895
8032,42.518293,-82.91883,527,29756.80843949658
8032,42.517958,-82.91883,528,29794.05873992248
8032,42.517478,-82.918811,529,29847.45501612321
8032,42.516123,-82.918745,530,29998.221213282508
8032,42.514288,-82.9186493,531,30202.414610498407
8032,42.5123605,-82.9185539,532,30416.885421757765
8032,42.511514,-82.918512,533,30511.074560780668
8032,42.510825,-82.918495,534,30587.700536045617
8032,42.5080188,-82.9183723,535,30899.897787163343
8032,42.5064763,-82.9183048,536,31071.505186291502
8032,42.505717,-82.91826,537,31156.015324695538
8032,42.505569,-82.918254,538,31172.479522059068
8032,42.504236,-82.918199,539,31320.77091495674
8032,42.5018395,-82.9181134,540,31587.341934833374
8032,42.501577,-82.918104,541,31616.540773612185
8032,42.499545,-82.9179522,542,31842.831316629807
8032,42.4990039,-82.9179128,543,31903.085533573372
8032,42.4987318,-82.9178775,544,31933.47976348532
8032,42.4985022,-82.9178347,545,31959.250120757326
8032,42.498076,-82.9176432,546,32009.174259686573
8032,42.4977359,-82.9175627,547,32047.563213688296
8032,42.4972336,-82.917434,548,32104.404345007453
8032,42.4965018,-82.9174662,549,32185.819604311157
8032,42.4959481,-82.9175359,550,32247.65285839194
8032,42.4953034,-82.9178095,551,32322.767839568798
8032,42.4949909,-82.9179758,552,32360.095498563147
8032,42.4948089,-82.9180241,553,32380.71678110847
8032,42.4945637,-82.9179972,554,32408.07083368908
8032,42.4942038,-82.9178256,555,32450.49098902912
8032,42.4937726,-82.9174179,556,32508.940181203503
8032,42.493472,-82.9171711,557,32548.013226065857
8032,42.49276,-82.9169619,558,32629.020750845146
8032,42.4923012,-82.9169458,559,32680.054058796708
8032,42.4917474,-82.9169619,560,32741.647956566034
8032,42.4912328,-82.9171119,561,32800.17568809253
8032,42.490711,-82.9171805,562,32858.46920119944
8032,42.4902504,-82.9172162,563,32909.76916534863
8032,42.4901273,-82.9172281,564,32923.49199349408
8032,42.489896,-82.917245,565,32949.248682567806
8032,42.4892818,-82.9173011,566,33017.699340442654
8032,42.4876383,-82.9174442,567,33200.824507108424
8032,42.485995,-82.917591,568,33383.94719343249
8032,42.4856519,-82.9176084,569,33422.124843784615
8032,42.4853033,-82.9176159,570,33460.892273712445
8032,42.4849453,-82.9175837,571,33500.78753067972
8032,42.4842356,-82.9175145,572,33579.906324910284
8032,42.4815223,-82.916904,573,33885.73694657014
8032,42.4805041,-82.9167547,574,33999.61571028052
8032,42.4796041,-82.916704,575,34099.77747785865
8032,42.4768904,-82.9166204,576,34401.6050280603
8032,42.476557,-82.916592,577,34438.750510835875
8032,42.47508,-82.9165322,578,34603.05862870294
8032,42.474574,-82.916546,579,34659.33464388469
8032,42.474184,-82.91656,580,34702.71586332551
8032,42.473693,-82.916626,581,34757.580255828536
8032,42.473291,-82.916711,582,34802.820971800036
8032,42.4731902,-82.9167163,583,34814.03784630629
8032,42.4728928,-82.9168107,584,34848.00147248861
8032,42.4725148,-82.9169597,585,34891.77366408558
8032,42.4722638,-82.9170647,586,34920.982020643176
8032,42.4719198,-82.9172437,587,34961.95374132278
8032,42.4712838,-82.9176337,588,35039.57140759961
8032,42.4691483,-82.9190252,589,35303.032473370506
8032,42.4686845,-82.9193293,590,35360.31985395782
8032,42.4662925,-82.9208088,591,35652.6747656285
8032,42.4650835,-82.9215813,592,35801.294615339146
8032,42.4644914,-82.9219246,593,35872.90258301044
8032,42.463883,-82.922212,594,35944.543606647865
8032,42.4628428,-82.9226973,595,36066.867496937055
8032,42.4621937,-82.9229693,596,36142.414207929985
8032,42.459561,-82.9240906,597,36449.26813503585
8032,42.459293,-82.9241916,598,36480.19876501874
8032,42.459155,-82.9242322,599,36495.900961444444
8032,42.45901,-82.9242742,600,36512.388258188046
8032,42.4588548,-82.9243059,601,36529.84054668354
8032,42.4586469,-82.9243445,602,36553.173839048126
8032,42.4583719,-82.9243785,603,36583.879389367634
8032,42.4580791,-82.9243985,604,36616.47857911019
8032,42.4579111,-82.9243999,605,36635.15967984183
8032,42.457747,-82.9243882,606,36653.43199427813
8032,42.457493,-82.9243655,607,36681.73683265282
8032,42.4572922,-82.924333,608,36704.223398779264
8032,42.4571358,-82.9243002,609,36721.821225731015
8032,42.4569355,-82.9242498,610,36744.47410829607
8032,42.4566644,-82.9241552,611,36775.60203455816
8032,42.4564166,-82.9240612,612,36804.214926537315
8032,42.4562293,-82.9239763,613,36826.175538370924
8032,42.4560995,-82.923909,614,36841.628638479924
8032,42.4559347,-82.923827,615,36861.14935021125
8032,42.4557974,-82.9237307,616,36878.33944514596
8032,42.455557,-82.9235741,617,36907.99776528228
8032,42.455213,-82.9233074,618,36952.0645353361
8032,42.4550563,-82.9231633,619,36973.12074971491
8032,42.454875,-82.9229971,620,36997.458538921506
8032,42.4545649,-82.9226568,621,37041.82541421098
8032,42.4543718,-82.9224362,622,37069.90714241959
8032,42.4542418,-82.9222625,623,37090.20581559942
8032,42.4539248,-82.9217825,624,37143.057135970324
8032,42.4528138,-82.9199492,625,37337.69606408332
8032,42.4527169,-82.9197894,626,37354.66610270482
8032,42.452303,-82.919078,627,37428.99476400419
8032,42.452159,-82.918848,628,37453.742868658
8032,42.451963,-82.918582,629,37484.58545654414
8032,42.451732,-82.9183,630,37519.15528879422
8032,42.451553,-82.918106,631,37544.64070466288
8032,42.451317,-82.917875,632,37577.01101900197
8032,42.450925,-82.917552,633,37628.0231496467
8032,42.4506967,-82.9173838,634,37656.91748375198
8032,42.450369,-82.917196,635,37696.479910887916
8032,42.450049,-82.917036,636,37734.40663305248
8032,42.449687,-82.916895,637,37776.288641589475
8032,42.449462,-82.916826,638,37801.94002376252
8032,42.449266,-82.916774,639,37824.147912533714
8032,42.449039,-82.916733,640,37849.61233744533
8032,42.448813,-82.916711,641,37874.80713544789
8032,42.448484,-82.916695,642,37911.41381321555
8032,42.448128,-82.916706,643,37951.00949467933
8032,42.44775,-82.916758,644,37993.25716997357
8032,42.447379,-82.916838,645,38035.02944008029
8032,42.4460914,-82.9173275,646,38183.73088055577
8032,42.443912,-82.91811,647,38434.4305872294
8032,42.4433156,-82.9183391,648,38503.360238936824
8032,42.4424,-82.918693,649,38609.23090802869
8032,42.442193,-82.918768,650,38633.056809880305
8032,42.44147,-82.919077,651,38717.354512966005
8032,42.441036,-82.919269,652,38768.11985073229
8032,42.439305,-82.920035,653,38970.6020840365
8032,42.437809,-82.920696,654,39145.57016510753
8032,42.437651,-82.920766,655,39164.054239339326
8032,42.437235,-82.92095,656,39212.71344835963
8032,42.43702,-82.921045,657,39237.85940231754
8032,42.4359439,-82.9215186,658,39363.670049838795
8032,42.434453,-82.922186,659,39538.264022675095
8032,42.43391,-82.922469,660,39602.955703047824
8032,42.433611,-82.922637,661,39638.948428006035
8032,42.432243,-82.923473,662,39805.82024269492
8032,42.430733,-82.924401,663,39990.19089741911
8032,42.430164,-82.924759,664,40059.950369453276
8032,42.429288,-82.9253,665,40166.99987350815
8032,42.428818,-82.925597,666,40224.66677372824
8032,42.428259,-82.925953,667,40293.349723874424
8032,42.4275881,-82.9264702,668,40379.18232686637
8032,42.42628,-82.927477,669,40546.47097745138
8032,42.4260679,-82.927652,670,40574.08513283768
8032,42.425865,-82.927809,671,40600.06736536289
8032,42.4256413,-82.9279833,672,40628.76235028116
8032,42.4253256,-82.9281387,673,40666.11204971159
8032,42.4250048,-82.9283774,674,40706.80978463205
8032,42.4247022,-82.9286266,675,40746.186673440694
8032,42.4246638,-82.9286988,676,40753.49089376503
8032,42.4246486,-82.9287646,677,40759.150057536826
8032,42.4246256,-82.9288271,678,40764.88222764525
8032,42.4245729,-82.9288668,679,40771.587275852726
8032,42.4245205,-82.9288555,680,40777.48725074136
8032,42.4244755,-82.9288413,681,40782.624975852836
8032,42.4244204,-82.928853,682,40788.826623227855
8032,42.424359,-82.928714,683,40802.12259122939
8032,42.424264,-82.928499,684,40822.68995929914
8032,42.4242141,-82.9283958,685,40832.816192648075
8032,42.424094,-82.9281177,686,40859.2623785284
8032,42.423997,-82.927893,687,40880.628293622125
8032,42.42359,-82.927036,688,40964.27262155549
8032,42.423167,-82.926162,689,41050.05665093567
8032,42.4230129,-82.9258175,690,41083.12054251405
8032,42.422892,-82.925547,691,41109.076531836785
8032,42.42265,-82.925017,692,41160.23008536234
8032,42.422312,-82.924201,693,41237.03398594201
8032,42.422033,-82.923496,694,41302.69412158557
8032,42.4218982,-82.9231626,695,41333.89684011838
8032,42.421458,-82.922074,696,41435.78176968185
8032,42.4213795,-82.9218764,697,41454.20123602319
8032,42.421028,-82.920991,698,41536.72217003098
8032,42.420886,-82.920668,699,41567.581176060165
8032,42.420571,-82.919881,700,41641.0669615864
8032,42.4205208,-82.9197553,701,41652.79824334372
8032,42.4204834,-82.9196617,702,41661.53474889538
8032,42.419869,-82.918123,703,41805.13328345164
8032,42.419847,-82.91808,704,41809.427843418845
8032,42.419656,-82.917564,705,41856.81088686778
8032,42.4195799,-82.9173782,706,41874.252778165304
8032,42.419361,-82.916844,707,41924.40617025179
8032,42.418718,-82.915248,708,42073.657946995525
8032,42.4186324,-82.9150461,709,42092.7702777841
8032,42.4186013,-82.9149727,710,42099.717416831925
8032,42.418551,-82.914854,711,42110.952440219815
8032,42.4183805,-82.9144428,712,42149.66696615235
8032,42.418179,-82.913957,713,42195.4088886507
8032,42.418037,-82.913598,714,42228.84221751508
8032,42.417729,-82.912854,715,42298.86360928062
8032,42.417681,-82.91273,716,42310.35712663869
8032,42.417479,-82.912191,717,42359.97811127728
8032,42.4174585,-82.912133,718,42365.25685259862
8032,42.4174348,-82.9120661,719,42371.34821966372
8032,42.41734,-82.911798,720,42395.75071795166
8032,42.4173181,-82.9117321,721,42401.68326369275
8032,42.417174,-82.911299,722,42440.68029566848
8032,42.416988,-82.910804,723,42486.275554788066
8032,42.416908,-82.91057,724,42507.44445472286
8032,42.4167731,-82.9102073,725,42540.78375786234
8032,42.416567,-82.909653,726,42591.73188379846
8032,42.416542,-82.909425,727,42610.6539031585
8032,42.416159,-82.909693,728,42658.588510933674
8032,42.415881,-82.90987,729,42692.745357249565
8032,42.4156581,-82.9099927,730,42719.49927673518
8032,42.4158131,-82.9103736,731,42755.20348590151
8032,42.415989,-82.910806,732,42795.73198342895
8032,42.41676,-82.9106,733,42883.1152057186
8032,42.416908,-82.91057,734,42899.7553031393
8032,42.417076,-82.910537,735,42918.63144936886
8032,42.417161,-82.910772,736,42940.113566668115
8032,42.417332,-82.911203,737,42980.280002029576
8032,42.4174258,-82.9114401,738,43002.361976930406
8032,42.417501,-82.91163,739,43020.05186138858
8032,42.417653,-82.911996,740,43054.52434432823
8032,42.417695,-82.912097,741,43064.0402120582
8032,42.417873,-82.912485,742,43101.5397113998
8032,42.4178922,-82.9125242,743,43105.401422006114
8032,42.417977,-82.912697,744,43122.43450633906
8032,42.41826,-82.913274,745,43179.300221955134
8032,42.418422,-82.913607,746,43212.03730505099
8032,42.4185214,-82.9138614,747,43235.66514155916
8032,42.4186467,-82.9141824,748,43265.472173304865
8032,42.4187791,-82.9145182,749,43296.722466692925
8032,42.4189171,-82.9148311,750,43326.64235084611
8032,42.419007,-82.915035,751,43346.13794718052
8032,42.4190322,-82.9150982,752,43352.0342605507
8032,42.419187,-82.915486,753,43388.223481067784
8032,42.419614,-82.916502,754,43484.19229899257
8032,42.41978,-82.916928,755,43523.73389134576
8032,42.420089,-82.917716,756,43596.97723243522
8032,42.420888,-82.919658,757,43779.47396000788
8032,42.4209335,-82.9197703,758,43789.989266284174
8032,42.421301,-82.920678,759,43874.96797888885
8032,42.421343,-82.920794,760,43885.5734272052
8032,42.421383,-82.920905,761,43895.71246989255
8032,42.421814,-82.921946,762,43993.6841648782
8032,42.422207,-82.92296,763,44087.69141339462
8032,42.422297,-82.9231764,764,44108.07938509721
8032,42.422598,-82.9239,765,44176.2558095732
8032,42.422965,-82.924786,766,44259.6482428093
8032,42.4234112,-82.925752,767,44353.18317135734
8032,42.4234767,-82.9258914,768,44366.74672544391
8032,42.4235356,-82.9260167,769,44378.93985124618
8032,42.4239771,-82.9269561,770,44470.348871376525
8032,42.424055,-82.9271219,771,44486.480754093114
8032,42.42429,-82.927622,772,44535.14089465604
8032,42.424511,-82.9281656,773,44586.079478133295
8032,42.4245843,-82.9283453,774,44602.93147702008
8032,42.4247022,-82.9286266,775,44629.48291248821
8032,42.4246638,-82.9286988,776,44636.78713281255
8032,42.4246486,-82.9287646,777,44642.44629658434
8032,42.4246256,-82.9288271,778,44648.17846669276
8032,42.4245729,-82.9288668,779,44654.88351490024
8032,42.4245205,-82.9288555,780,44660.783489788875
8032,42.4244755,-82.9288413,781,44665.92121490035
8032,42.4244204,-82.928853,782,44672.12286227537
8032,42.4241891,-82.9290131,783,44701.00496350419
8032,42.4238386,-82.9292786,784,44745.657765395925
8032,42.423506,-82.9295468,785,44788.69730396976
8032,42.4232635,-82.9298424,786,44824.97142071913
8032,42.422973,-82.93007,787,44862.286850553086
8032,42.422499,-82.930442,788,44923.19938267761
8032,42.421571,-82.9311428,789,45041.33905923241
8032,42.421433,-82.931247,790,45058.90672803869
8032,42.421115,-82.931535,791,45101.44137364466
8032,42.420768,-82.931878,792,45149.206304861844
8032,42.420514,-82.932159,793,45185.671865140794
8032,42.420389,-82.932288,794,45203.14528821241
8032,42.420101,-82.932613,795,45244.825718841865
8032,42.419779,-82.933005,796,45292.965060782786
8032,42.419477,-82.933403,797,45339.81630627905
8032,42.4193377,-82.9335768,798,45360.87486521581
8032,42.4192127,-82.9337578,799,45381.220538162546
8032,42.4190753,-82.9339913,800,45405.732018561335
8032,42.4188361,-82.9343695,801,45446.6132016589
8032,42.4186107,-82.9347633,802,45487.51744441492
8032,42.4183856,-82.9351778,803,45529.75771664094
8032,42.4183107,-82.9353233,804,45544.318623472966
8032,42.4179816,-82.9359906,805,45610.19538771135
8032,42.4175616,-82.9368135,806,45692.31866439785
8032,42.4173662,-82.9371728,807,45728.95235417274
8032,42.4170956,-82.9376444,808,45777.98410576487
8032,42.4168066,-82.9381223,809,45828.69650563865
8032,42.4164057,-82.9386828,810,45892.76127041776
8032,42.4162697,-82.9388958,811,45915.87900610585
8032,42.4157095,-82.9397106,812,46007.2805921901
8032,42.4151617,-82.9404268,813,46091.9395260555
8032,42.4107796,-82.946259,814,46775.076701422506
8032,42.4100717,-82.9471988,815,46885.29992041093
8032,42.4091547,-82.9484198,816,47028.28897705614
8032,42.4090577,-82.9485628,817,47044.23176119368
8032,42.4087047,-82.9490788,818,47101.98482956945
8032,42.4083937,-82.9496048,819,47157.309844474665
8032,42.4081477,-82.9500768,820,47204.743535396185
8032,42.4080447,-82.9502918,821,47225.78546481022
8032,42.4078907,-82.9506348,822,47258.74414053399
8032,42.4077467,-82.9509868,823,47291.78345052172
8032,42.4076457,-82.9512548,824,47316.487297100604
8032,42.4075507,-82.9515268,825,47341.1915741726
8032,42.4074337,-82.9518958,826,47374.162713034806
8032,42.4073517,-82.9521758,827,47398.89370536917
8032,42.4072297,-82.9526498,828,47440.10714317043
8032,42.4070647,-82.9533808,829,47502.86625072619
8032,42.4068808,-82.9541677,830,47570.63226895244
8032,42.4064884,-82.955623,831,47697.8353776233
8032,42.4062699,-82.956369,832,47763.72789844896
8032,42.4056775,-82.9582645,833,47932.72379896605
8032,42.4055877,-82.9585518,834,47958.338985517235
8032,42.4044846,-82.9621174,835,48275.75321929479
8032,42.4041977,-82.9630448,836,48358.31178757119
8032,42.4040247,-82.9635938,837,48407.32167993306
8032,42.4036225,-82.9649075,838,48524.09018206285
8032,42.4035124,-82.9653238,839,48560.39795292052
8032,42.4030283,-82.9672543,840,48727.798663620975
8032,42.4011127,-82.9750968,841,49406.0593028034
8032,42.4006197,-82.9769728,842,49569.56383617958
8032,42.3991697,-82.9819148,843,50006.22169686026
8032,42.3987897,-82.9832108,844,50120.72287411883
8032,42.3983617,-82.9845848,845,50243.17470742051
8032,42.3982677,-82.9848388,846,50266.504324063804
8032,42.3981206,-82.9852376,847,50303.109465927744
8032,42.3979326,-82.9856757,848,50344.716880512664
8032,42.397584,-82.9863605,849,50413.01508856093
8032,42.3970847,-82.9871238,850,50496.747409587166
8032,42.3968727,-82.9874258,851,50530.9629063754
8032,42.3968537,-82.9874508,852,50533.908746786896
8032,42.3966317,-82.9877488,853,50568.66766468692
8032,42.3963557,-82.9881208,854,50611.96912831758
8032,42.3960297,-82.9885598,855,50663.092518537946
8032,42.3958967,-82.9887398,856,50684.00175433021
8032,42.3955507,-82.9892058,857,50738.26565837523
8032,42.3953967,-82.9894108,858,50762.278671562504
8032,42.3948178,-82.9902333,859,50855.58258697
8032,42.3943567,-82.9908208,860,50925.98443294468
8032,42.3943157,-82.9908748,861,50932.344383606614
8032,42.3941177,-82.9911698,862,50965.07970505999
8032,42.3939137,-82.9915268,863,51002.14770965837
8032,42.3937616,-82.991835,864,51032.58805417014
8032,42.3936367,-82.9920368,865,51054.210111671404
8032,42.3934587,-82.9923808,866,51088.70345536834
8032,42.3932297,-82.9928798,867,51136.9489988591
8032,42.3930567,-82.9933198,868,51177.8840344695
8032,42.3928767,-82.9938438,869,51225.342822727034
8032,42.3927697,-82.9941938,870,51256.450689334975
8032,42.3926667,-82.9945648,871,51288.99953566465
8032,42.3925947,-82.9948558,872,51314.20249199841
8032,42.3925017,-82.9952828,873,51350.76171818473
8032,42.3923693,-82.9961231,874,51421.32212001803
8032,42.3922855,-82.9969458,875,51489.52387174701
8032,42.3922386,-82.9977727,876,51557.631014667626
8032,42.3922425,-82.9985237,877,51619.30664262501
8032,42.3922642,-82.9997617,878,51721.00308093064
8032,42.3922616,-83.0004862,879,51780.501615495865
8032,42.3922167,-83.0016078,880,51872.74558294359
8032,42.3921977,-83.0019338,881,51899.60081040233
8032,42.3921216,-83.0028918,882,51978.72816542073
8032,42.3920137,-83.0037487,883,52050.11471857971
8032,42.3918947,-83.0043998,884,52105.197960263955
8032,42.3918777,-83.0045048,885,52114.025651839474
8032,42.3918041,-83.0049233,886,52149.355155138976
8032,42.3917447,-83.0052608,887,52177.84788230266
8032,42.3916387,-83.0057838,888,52222.38631849978
8032,42.3915501,-83.0061904,889,52257.20076355688
8032,42.3913475,-83.0069874,890,52326.42181466667
8032,42.3912475,-83.0073347,891,52357.034328829424
8032,42.3911876,-83.0075506,892,52375.97466372559
8032,42.3911451,-83.0076957,893,52388.79374481304
8032,42.3910985,-83.0078419,894,52401.87070723743
8032,42.3910175,-83.0080966,895,52424.644473371794
8032,42.390839,-83.0086855,896,52476.92198180526
8032,42.3904027,-83.0096878,897,52572.46871549059
8032,42.3893797,-83.0122948,898,52814.91286416584
8032,42.3878942,-83.0160893,899,53167.61544949493
8032,42.3867207,-83.0189578,900,53436.92624022062
8032,42.3864177,-83.0197358,901,53509.16200471343
8032,42.3861337,-83.0205858,902,53585.78324629018
8032,42.3860327,-83.0209258,903,53615.881460914796
8032,42.3859717,-83.0211518,904,53635.64352476897
8032,42.3859287,-83.0213108,905,53649.55014518254
8032,42.3858237,-83.0217348,906,53686.27880976034
8032,42.3858177,-83.0217578,907,53688.28217913347
8032,42.3857187,-83.0222098,908,53727.00322184177
8032,42.3856037,-83.0227838,909,53775.850046115585
8032,42.3854811,-83.0234541,910,53832.56549923977
8032,42.3847857,-83.0268988,911,54125.8619594569
8032,42.3847037,-83.0272468,912,54155.86318628152
8032,42.3846457,-83.0274668,913,54175.048806978884
8032,42.3845817,-83.0276828,914,54194.163584880116
8032,42.3845117,-83.0278968,915,54213.38635628416
8032,42.3844447,-83.0280868,916,54230.678743094184
8032,42.3843587,-83.0283088,917,54251.26774706134
8032,42.3842667,-83.0285268,918,54271.88910607912
8032,42.3841707,-83.0287398,919,54292.383057845196
8032,42.3840377,-83.0290108,920,54319.106385450556
8032,42.3839327,-83.0292088,921,54339.12594808667
8032,42.3838217,-83.0294008,922,54359.15149378295
8032,42.3836957,-83.0296068,923,54381.11890113589
8032,42.3835877,-83.0297708,924,54399.16487309348
8032,42.3832407,-83.0302298,925,54453.10960120651
8032,42.3830697,-83.0304288,926,54478.18341976093
8032,42.3828917,-83.0306158,927,54503.236480579726
8032,42.3826747,-83.0308268,928,54532.944541573364
8032,42.382061,-83.031294,929,54611.23429506629
8032,42.3817519,-83.03153,930,54650.693967345884
8032,42.3815147,-83.0316848,931,54679.97413285872
8032,42.3810374,-83.0320135,932,54739.51986596259
8032,42.3802477,-83.0326748,933,54842.77258452625
8032,42.3799547,-83.0329978,934,54884.788582795954
8032,42.3796267,-83.0333828,935,54933.06121561243
8032,42.3794607,-83.0335928,936,54958.32477344487
8032,42.3791167,-83.0341058,937,55015.23453662442
8032,42.3789137,-83.0344568,938,55051.850850022296
8032,42.3788057,-83.0346548,939,55072.067844475656
8032,42.3784847,-83.0353498,940,55139.39558592668
8032,42.3781197,-83.0362808,941,55225.97144249475
8032,42.3777887,-83.0371818,942,55308.62752920226
8032,42.3771067,-83.0390528,943,55480.00675224949
8032,42.3767297,-83.0401098,944,55576.42187828769
8032,42.3761977,-83.0415998,945,55712.36143458401
8032,42.3760764,-83.0419164,946,55741.65773109963
8032,42.375844,-83.0425232,947,55797.80318322912
8032,42.3755707,-83.0432368,948,55863.83055499569
8032,42.3741397,-83.0471728,949,56224.188315942985
8032,42.3740237,-83.0474948,950,56253.61682199551
8032,42.3737197,-83.0483598,951,56332.30442639845
8032,42.373462,-83.0490945,952,56399.11491643451
8032,42.3728801,-83.0507997,953,56553.414996541665
8032,42.3724831,-83.0518197,954,56648.12344768897
8032,42.372265,-83.0522686,955,56692.25981009895
8032,42.3721035,-83.0525896,956,56724.16364827192
8032,42.3719079,-83.0529534,957,56761.12598716936
8032,42.371545,-83.053585,958,56826.85613215335
8032,42.3713278,-83.0539904,959,56867.99520546716
8032,42.3702335,-83.0555996,960,57047.667681046456
8032,42.3701326,-83.0557019,961,57061.68579688479
8032,42.3699869,-83.0558789,962,57083.4553120553
8032,42.3697491,-83.056249,963,57123.74943450604
8032,42.3694796,-83.0566675,964,57169.357070088074
8032,42.3689525,-83.0574668,965,57257.37459253035
8032,42.3685522,-83.0580837,966,57324.82652046808
8032,42.3681836,-83.0586523,967,57386.971226708665
8032,42.3679855,-83.0590653,968,57427.424222283465
8032,42.3676486,-83.0596876,969,57490.80493388997
8032,42.3673672,-83.0603367,970,57552.63395799239
8032,42.3671373,-83.0609053,971,57605.884839649996
8032,42.3669034,-83.0614954,972,57660.90079963864
8032,42.366622,-83.062225,973,57728.517386126594
8032,42.3664324,-83.062896,974,57787.53810410535
8032,42.3658174,-83.0644757,975,57934.23556594439
8032,42.3657208,-83.0647072,976,57956.07855528025
8032,42.365514,-83.065203,977,58002.854694051726
8032,42.365211,-83.06587,978,58067.18286196953
8032,42.364175,-83.068076,979,58281.93677419345
8032,42.363938,-83.068561,980,58329.710231621924
8032,42.3634,-83.069624,981,58435.57037261867
8032,42.3631624,-83.070044,982,58479.03039868606
8032,42.3625287,-83.0711247,983,58592.38442819255
8032,42.3618598,-83.0720456,984,58698.48348102716
8032,42.3616536,-83.0723833,985,58734.47747193656
8032,42.360292,-83.074542,986,58967.67636631785
8032,42.3590789,-83.0764637,987,59175.34653538663
8032,42.3585704,-83.077214,988,59258.998898809776
8032,42.3569315,-83.0797347,989,59534.87796259626
8032,42.3564354,-83.0805442,990,59621.29216070355
8032,42.355941,-83.081624,991,59725.669823984106
8032,42.355785,-83.081927,992,59756.01430033145
8032,42.355736,-83.082022,993,59765.533923139585
8032,42.355567,-83.082411,994,59802.61296187291
8032,42.355548,-83.082455,995,59806.800492160575
8032,42.3550621,-83.0839354,996,59939.90540798608
8032,42.3532215,-83.0897833,997,60462.21102001645
8032,42.3531018,-83.0901638,998,60496.19321172201
8032,42.351575,-83.094865,999,60918.17195124456
8032,42.3513494,-83.0956419,1000,60986.76606844167
8032,42.351143,-83.0963002,1001,61045.529807467195
8032,42.350959,-83.096802,1002,61091.56271121185
8032,42.3509378,-83.0968699,1003,61097.620030884165
8032,42.3507397,-83.097293,1004,61138.77952079569
8032,42.3506987,-83.0974209,1005,61150.23611626992
8032,42.3504331,-83.0982417,1006,61223.86938246011
8032,42.3501674,-83.0991536,1007,61304.42079192736
8032,42.3500049,-83.0996901,1008,61352.06824760177
8032,42.349763,-83.1004465,1009,61419.79789272768
8032,42.3491287,-83.1024367,1010,61597.90973746959
8032,42.3489305,-83.1030911,1011,61656.02847628587
8032,42.3487798,-83.1036168,1012,61702.366221879936
8032,42.3486587,-83.1043014,1013,61760.215398653425
8032,42.3482835,-83.1055088,1014,61867.85362444903
8032,42.3470018,-83.1094743,1015,62223.543005488165
8032,42.3468044,-83.1100131,1016,62272.96448424966
8032,42.3465546,-83.1105978,1017,62328.466946892746
8032,42.3463098,-83.1110836,1018,62376.78780197654
8032,42.346021,-83.111616,1019,62431.06191006296
8032,42.3456881,-83.1121439,1020,62488.09228397571
8032,42.345333,-83.1126429,1021,62545.02105903408
8032,42.3451029,-83.1129328,1022,62579.98218414026
8032,42.3448566,-83.1132244,1023,62616.374289311454
8032,42.3445232,-83.1136156,1024,62665.44597001731
8032,42.3442938,-83.1138932,1025,62699.668337816875
8032,42.341816,-83.116852,1026,63067.15246739033
8032,42.341376,-83.117401,1027,63133.708442488925
8032,42.340582,-83.118331,1028,63250.487853796
8032,42.340272,-83.118731,1029,63298.12242429293
8032,42.340107,-83.118975,1030,63325.3033498569
8032,42.339837,-83.11941,1031,63371.98997869146
8032,42.339617,-83.119795,1032,63411.986900069125
8032,42.339451,-83.120113,1033,63443.984548592605
8032,42.339294,-83.12044,1034,63476.0333485432
8032,42.339148,-83.120775,1035,63507.99732903807
8032,42.338994,-83.12116,1036,63543.977517229236
8032,42.3388318,-83.1215326,1037,63579.51867715518
8032,42.3383036,-83.1228477,1038,63702.53664339857
8032,42.3366223,-83.1270888,1039,64098.09819345987
8032,42.335882,-83.12891,1040,64268.93381747092
8032,42.335058,-83.1310121,1041,64464.51013212116
8032,42.334386,-83.13271,1042,64622.81857836851
8032,42.333794,-83.134199,1043,64761.79159251173
8032,42.333412,-83.135211,1044,64855.1945513228
8032,42.333043,-83.136293,1045,64953.14298494908
8032,42.332924,-83.136685,1046,64987.97655196834
8032,42.332707,-83.137475,1047,65057.252831423284
8032,42.332375,-83.138922,1048,65181.79447301446
8032,42.332237,-83.13969,1049,65246.76301093303
8032,42.332224,-83.139764,1050,65253.01529279604
8032,42.332152,-83.1402,1051,65289.73832966433
8032,42.33193,-83.141678,1052,65413.71438000944
8032,42.3318406,-83.142248,1053,65461.61219845577
8032,42.3317558,-83.1428203,1054,65509.59190485269
8032,42.331345,-83.14561,1055,65743.41605174087
8032,42.331228,-83.146287,1056,65800.56749771487
8032,42.33117,-83.146622,1057,65828.85044949765
8032,42.331064,-83.147159,1058,65874.53973119981
8032,42.3309646,-83.1476302,1059,65914.81975080157
8032,42.3308163,-83.1483399,1060,65975.4449068919
8032,42.330383,-83.150132,1061,66130.44012864116
8032,42.329968,-83.151912,1062,66283.86696892297
8032,42.329808,-83.152632,1063,66345.67010960479
8032,42.329303,-83.154964,1064,66545.42631287588
8032,42.329052,-83.156063,1065,66639.98262327192
8032,42.3288805,-83.1567604,1066,66700.40112123592
8032,42.3287016,-83.1575105,1067,66765.1929219917
8032,42.328579,-83.157804,1068,66792.9053135457
8032,42.328395,-83.158293,1069,66838.01124052813
8032,42.32815,-83.158835,1070,66890.23563941046
8032,42.327969,-83.159168,1071,66924.21278105816
8032,42.3276241,-83.1596738,1072,66980.77890867277
8032,42.327377,-83.160036,1073,67021.29464133196
8032,42.326882,-83.160598,1074,67093.15615345293
8032,42.326321,-83.161088,1075,67167.4121985934
8032,42.3254304,-83.1617905,1076,67282.05201682645
8032,42.3234056,-83.1633876,1077,67542.68778595945
8032,42.3226978,-83.1638979,1078,67631.87504321372
8032,42.3225729,-83.1640011,1079,67648.14984776733
8032,42.321555,-83.164788,1080,67778.51968942593
8032,42.319398,-83.166459,1081,68054.92716361859
8032,42.3163292,-83.1688246,1082,68447.70104752273
8032,42.3161344,-83.1689635,1083,68472.18818742502
8032,42.3153316,-83.1696605,1084,68578.26831422406
8032,42.3148002,-83.1701181,1085,68648.3196227709
8032,42.312583,-83.171917,1086,68935.8288459908
8032,42.310376,-83.173857,1087,69228.52699813257
8032,42.3087956,-83.1753111,1088,69441.08118338723
8032,42.30731,-83.176678,1089,69640.88799174689
8032,42.3064069,-83.1775057,1090,69762.20200405887
8032,42.306232,-83.177666,1091,69785.69661091262
8032,42.3061298,-83.1777681,1092,69799.8259981297
8032,42.3054236,-83.1784428,1093,69895.97603897333
8032,42.30358,-83.180088,1094,70141.5973372771
8032,42.3032132,-83.1804477,1095,70191.98161111302
8032,42.3029054,-83.1807495,1096,70234.25959263349
8032,42.3025974,-83.1810326,1097,70275.67192701224
8032,42.3023276,-83.1812681,1098,70311.38081085337
8032,42.301784,-83.181748,1099,70383.57034358922
8032,42.3003493,-83.1830653,1100,70576.41016481438
8032,42.2999372,-83.1834461,1101,70631.91343611099
8032,42.2971166,-83.1860227,1102,71010.43008633582
8032,42.2968129,-83.1862913,1103,71050.78407832414
8032,42.2956445,-83.1873245,1104,71206.02788866556
8032,42.2946568,-83.1882332,1105,71338.8740925185
8032,42.293328,-83.189451,1106,71517.38145999823
8032,42.291454,-83.191152,1107,71768.37443526085
8032,42.2895,-83.192895,1108,72028.68924024697
8032,42.287386,-83.194737,1109,72308.35746562398
8032,42.28688,-83.195133,1110,72373.37160013379
8032,42.2862735,-83.1956567,1111,72453.3965899437
8032,42.286006,-83.195871,1112,72487.97275797212
8032,42.2855299,-83.1962817,1113,72550.77446754399
8032,42.2849574,-83.1967784,1114,72626.41838480048
8032,42.2846693,-83.1970414,1115,72665.07506569976
8032,42.282578,-83.198746,1116,72936.62565505705
8032,42.2815926,-83.1996097,1117,73067.21866715599
8032,42.2810162,-83.2000767,1118,73141.94416453234
8032,42.280365,-83.200587,1119,73225.64411288514
8032,42.277967,-83.202577,1120,73538.53934002329
8032,42.276531,-83.203791,1121,73726.8802033314
8032,42.2759707,-83.2042595,1122,73800.14245643916
8032,42.274548,-83.205454,1123,73986.38124749555
8032,42.274003,-83.205994,1124,74061.52436734978
8032,42.273588,-83.206442,1125,74120.58471697345
8032,42.273148,-83.206973,1126,74186.17826487319
8032,42.272773,-83.207439,1127,74242.82475365738
8032,42.27251,-83.2078071,1128,74284.92608688796
8032,42.2723933,-83.2079745,1129,74303.84957865931
8032,42.2720709,-83.2084661,1130,74357.89823366536
8032,42.2717334,-83.208998,1131,74415.54994814504
8032,42.271423,-83.209554,1132,74472.8574178905
8032,42.271052,-83.21022,1133,74541.44872020076
8032,42.270669,-83.210949,1134,74615.01280593824
8032,42.2696811,-83.2132176,1135,74831.60193504325
8032,42.2695514,-83.2135542,1136,74862.82829334406
8032,42.269161,-83.214607,1137,74959.72435116454
8032,42.2690837,-83.2148104,1138,74978.5389696424
8032,42.2690434,-83.2149269,1139,74989.12069689795
8032,42.2689642,-83.215192,1140,75012.64476251253
8032,42.2688622,-83.2155308,1141,75042.74140081572
8032,42.268777,-83.2158339,1142,75069.42041304571
8032,42.2685746,-83.2165559,1143,75132.94961308662
8032,42.2684245,-83.2171631,1144,75185.62670069005
8032,42.2682848,-83.2177586,1145,75237.03046339606
8032,42.2679965,-83.2183617,1146,75296.11024694833
8032,42.2678139,-83.219263,1147,75373.00301856031
8032,42.2676869,-83.2201159,1148,75444.59086279731
8032,42.267536,-83.2213551,1149,75547.93040739269
8032,42.2673693,-83.2227552,1150,75664.62029237971
8032,42.2672026,-83.2240373,1151,75771.7351291269
8032,42.2669723,-83.2259095,1152,75927.90522670539
8032,42.2668771,-83.2267249,1153,75995.83148937579
8032,42.266754,-83.2276475,1154,76072.97319147344
8032,42.2667872,-83.2284355,1155,76137.92004759805
8032,42.26671,-83.2290448,1156,76188.78686642706
8032,42.2665935,-83.2300791,1157,76274.87628646672
8032,42.2665419,-83.2306488,1158,76322.10494139121
8032,42.2664836,-83.2313414,1159,76379.46438989142
8032,42.2664716,-83.2314763,1160,76390.64481521382
8032,42.266438,-83.2319579,1161,76430.44997385914
8032,42.2664081,-83.2324233,1162,76468.89042320894
8032,42.2663807,-83.2329506,1163,76512.3872492476
8032,42.266329,-83.234346,1164,76627.3545664449
8032,42.2663101,-83.2350002,1165,76681.22786080156
8032,42.2662916,-83.2359462,1166,76759.0987529762
8032,42.2662398,-83.2384741,1167,76967.19247917173
8032,42.266171,-83.2405618,1168,77139.1540372791
8032,42.2660457,-83.2455793,1169,77552.26647287917
8032,42.265967,-83.247955,1170,77747.95292001618
8032,42.26596,-83.248282,1171,77774.87224251707
8032,42.26594,-83.249222,1172,77852.25462890479
8032,42.265917,-83.2500869,1173,77923.47120761337
8032,42.2658984,-83.2507103,1174,77974.81106066634
8032,42.265886,-83.251076,1175,78004.93526597288
8032,42.265867,-83.25166,1176,78053.03774802618
8032,42.2658418,-83.2535649,1177,78209.81283955423
8032,42.2657941,-83.2553041,1178,78353.0261323502
8032,42.2657438,-83.2571709,1179,78506.7430112252
8032,42.265682,-83.2586744,1180,78630.65370647373
8032,42.2656058,-83.2599915,1181,78739.36604033444
8032,42.2654275,-83.262552,1182,78950.99583075882
8032,42.2653012,-83.2637462,1183,79050.26315481494
8032,42.2652155,-83.2648837,1184,79144.3502492635
8032,42.2651466,-83.2660219,1185,79238.32405447145
8032,42.2650701,-83.2675495,1186,79364.31588509654
8032,42.2650137,-83.2694971,1187,79524.70434450771
8032,42.2649733,-83.271212,1188,79665.89312019928
8032,42.2649466,-83.272383,1189,79762.29923770478
8032,42.2649098,-83.2735149,1190,79855.53201871763
8032,42.2648751,-83.2748895,1191,79968.71235637036
8032,42.2648498,-83.2761083,1192,80069.045763936
8032,42.2647856,-83.2773926,1193,80174.9705628519
8032,42.2647167,-83.2782674,1194,80247.36373683922
8032,42.2646104,-83.2791671,1195,80322.33709044618
8032,42.2645683,-83.2797776,1196,80372.79244396988
8032,42.2645265,-83.2800579,1197,80396.32183610824
8032,42.2642468,-83.2815289,1198,80521.30163112307
8032,42.2640019,-83.2826829,1199,80620.09173005319
8032,42.263806,-83.2834667,1200,80688.16997254045
8032,42.2635703,-83.2843168,1201,80762.87360612863
8032,42.2632014,-83.2855308,1202,80870.86849869849
8032,42.2627204,-83.2868751,1203,80993.7441146492
8032,42.2623187,-83.2878636,1204,81086.54648850534
8032,42.2617686,-83.2891306,1205,81207.42967834043
8032,42.2615018,-83.2897486,1206,81266.30735880516
8032,42.260044,-83.292996,1207,81578.86967779018
8032,42.258834,-83.29573,1208,81841.02722999679
8032,42.2579201,-83.2977526,1209,82036.05062387482
8032,42.2575327,-83.29851,1210,82111.82001882004
8032,42.2571637,-83.2991742,1211,82180.16893037746
8032,42.2569082,-83.2995961,1212,82225.0328176144
8032,42.2561969,-83.3007026,1213,82345.6500216484
8032,42.2559371,-83.3010415,1214,82385.80580831732
8032,42.2553535,-83.3017968,1215,82475.6683035749
8032,42.2548292,-83.3024187,1216,82553.2478426963
8032,42.2543528,-83.3029269,1217,82620.74296987365
8032,42.2541661,-83.3031531,1218,82648.62793658608
8032,42.2540427,-83.3033141,1219,82667.70310801057
8032,42.2534601,-83.3039976,1220,82753.50112175259
8032,42.251547,-83.30617,1221,83031.389917736
8032,42.2500009,-83.3080287,1222,83261.52108033228
8032,42.2494,-83.308753,1223,83351.06784176633
8032,42.249153,-83.309064,1224,83388.61253569686
8032,42.2489753,-83.3092926,1225,83415.89757556857
8032,42.248802,-83.309538,1226,83443.81405876612
8032,42.248186,-83.31049,1227,83547.89063347116
8032,42.247902,-83.310943,1228,83596.75339381622
8032,42.247648,-83.311381,1229,83642.55154995552
8032,42.247355,-83.31192,1230,83697.59525265059
8032,42.246922,-83.31278,1231,83783.2059248815
8032,42.246759,-83.313124,1232,83816.82552235825
8032,42.24655,-83.313589,1233,83861.60384372438
8032,42.246509,-83.313672,1234,83869.81727039705
8032,42.2463858,-83.3139912,1235,83899.44850586777
8032,42.246353,-83.314076,1236,83907.32408142931
8032,42.246028,-83.314875,1237,83982.36721040188
8032,42.2459703,-83.3150447,1238,83997.73884787486
8032,42.2458929,-83.3152676,1239,84018.00486576375
8032,42.2455061,-83.3164769,1240,84126.44184063103
8032,42.2451482,-83.3178116,1241,84243.2928448223
8032,42.2449313,-83.3187124,1242,84321.26597689786
8032,42.244285,-83.321329,1243,84548.32567273654
8032,42.243563,-83.324253,1244,84802.05496142163
8032,42.243505,-83.32449,1245,84822.6024449173
8032,42.2427044,-83.3276943,1246,85100.98998713023
8032,42.2425753,-83.3282401,1247,85148.15680319234
8032,42.242034,-83.330434,1248,85338.52141413912
8032,42.2416907,-83.3317847,1249,85456.08017480111
8032,42.2414207,-83.3328897,1250,85551.86972538472
8032,42.2409878,-83.3346345,1251,85703.35313439155
8032,42.240316,-83.337408,1252,85943.57928941492
8032,42.2402748,-83.3375756,1253,85958.11702055464
8032,42.2396941,-83.3390558,1254,86096.0206249874
8032,42.2390553,-83.3416446,1255,86320.66241829055
8032,42.239014,-83.341804,1256,86334.56505371485
8032,42.2384063,-83.3415322,1257,86405.74645916396
8032,42.2379486,-83.3412971,1258,86460.19627032462
8032,42.2365623,-83.3406936,1259,86622.15459356023
8032,42.2363358,-83.3405876,1260,86648.80923900548
8032,42.2355815,-83.340298,1261,86736.00635729275
8032,42.2351728,-83.3402089,1262,86782.03992378931
8032,42.2347231,-83.3402149,1263,86832.04672208172
8032,42.2343403,-83.3402814,1264,86874.96278976445
8032,42.2340585,-83.3404209,1265,86908.33596039648
8032,42.2338503,-83.3405505,1266,86933.82724205856
8032,42.2335203,-83.3407287,1267,86973.34580364927
8032,42.233055,-83.3412098,1268,87038.50565023173
8032,42.232571,-83.3416989,1269,87105.72120225939
8032,42.2321344,-83.3420634,1270,87162.79545376195
8032,42.2316238,-83.3423942,1271,87225.76608062936
8032,42.2311499,-83.3427435,1272,87285.79826402952
8032,42.2304788,-83.3430253,1273,87363.94487759941
8032,42.2302732,-83.3431062,1274,87387.75712052078
8032,42.2300703,-83.3432106,1275,87411.90055134054
8032,42.2294455,-83.3436386,1276,87489.80132043766
8032,42.2292819,-83.34375,1277,87510.1743157841
8032,42.229001,-83.3439458,1278,87545.3240103708
8032,42.2286973,-83.3441839,1279,87584.37182325595
8032,42.2285403,-83.3442411,1280,87602.45354454854
8032,42.228362,-83.344373,1281,87625.05921644063
8032,42.2281489,-83.3445319,1282,87652.12684993344
8032,42.2280158,-83.344666,1283,87670.59178788711
8032,42.2278609,-83.3448564,1284,87693.88209332542
8032,42.2277199,-83.3450589,1285,87716.76910063744
8032,42.2275841,-83.3452457,1286,87738.32329557273
8032,42.2275376,-83.3453123,1287,87745.86024802766
8032,42.2274547,-83.3454237,1288,87758.86433309471
8032,42.2272294,-83.3455735,1289,87786.78828490815
8032,42.2270675,-83.3456594,1290,87806.13030857508
8032,42.2269175,-83.345764,1291,87824.90193724018
8032,42.2267696,-83.3458646,1292,87843.3159171334
8032,42.2266097,-83.3459799,1293,87863.47182785528
8032,42.2265362,-83.346057,1294,87873.82057395647
8032,42.2264995,-83.3461516,1295,87882.61411045343
8032,42.2264746,-83.3462428,1296,87890.6176143898
8032,42.2264478,-83.3463447,1297,87899.52147726386
8032,42.2263902,-83.3464292,1298,87908.97827163336
8032,42.2262832,-83.3465135,1299,87922.75286370762
8032,42.2244145,-83.3478275,1300,88157.02399043756
8032,42.2243345,-83.3479875,1301,88172.92067398495
8032,42.2243146,-83.3481056,1302,88182.89383972858
8032,42.2242517,-83.3481909,1303,88192.80604065313
8032,42.224116,-83.3482665,1304,88209.12884601702
8032,42.2239166,-83.3484154,1305,88234.46530756606